7.529297 83.04492

9.339844 85.16016

11.503906 87.79883

14.259766 90.765625

17.753906 93.765625

21.388672 96.66797

24.859375 99.00781

28.40039 100.4668

32.41797 101.12695

36.9375 101.26172

41.683594 101.02344

46.091797 100.953125

49.708984 101.48828

52.51172 102.74414

54.59961 104.90234

56.26758 107.97461

57.722656 111.80469

59.089844 115.90625

60.527344 119.88086

62.33789 123.26367

64.66211 125.74414

67.490234 127.15625

70.94141 127.41992

74.70508 126.59961

78.427734 124.765625

81.916016 122.296875

85.27734 119.59375

88.65039 116.93945

92.16797 114.54883

95.978516 112.48047

100.02734 110.68164

104.21289 108.92969

108.41797 107.0918

112.38867 105.06641

115.61719 102.615234

117.86328 99.6543

118.953125 96.32422

118.85156 92.671875

117.70117 88.853516

115.73828 85.08789

113.14844 81.41211

110.33203 77.7168

107.98047 74.08984

106.53516 70.68359

106.23828 67.46875

107.103516 64.55859

109.01367 61.77539

111.74805 58.73828

115.03711 55.515625

118.65234 52.34375

122.41797 49.289062

126.24219 46.41211

130.0664 43.714844

133.81836 41.279297

137.41602 39.433594

140.87695 38.609375

144.21484 38.972656

147.40039 40.48242

150.58984 42.88086

153.8086 45.5

157.01562 48.117188

160.34961 50.560547

163.89648 52.6875

167.67578 54.55664

171.74805 56.38672

175.74805 58.240234

179.08984 60.14258

181.46875 62.496094

183.08398 65.5

184.25781 69.05469

185.2832 72.85156

186.39062 76.521484

187.70312 79.66406

189.49219 82.01367

191.93164 83.51367

195.01758 83.91406

198.34961 82.99609

201.46484 80.85156

204.08203 77.78516

206.11328 74.02344

207.89062 69.81836

209.8086 65.62109

212.00195 61.79883

214.36133 58.816406

216.92188 57.023438

219.54688 56.57422

222.19531 57.42578

225.03125 59.38086

228.08203 62.052734

231.11133 64.88086

233.98828 67.5332

236.89062 69.74219

240.00586 71.40234

243.4375 72.75781

246.89648 74.06445

250.07031 75.49414

252.9375 77.10156

255.83398 78.884766

258.8828 80.83984

262.0625 82.97266

265.36523 85.0293

268.9375 86.60547

273.08594 87.57422

277.78516 88.20703

282.33984 89.02344

286.2539 90.31641

289.46094 92.19141

292.21484 94.56055

294.8789 97.16211

297.4043 99.73242

299.7461 101.94531

301.98633 103.521484

304.5039 104.13086

307.48633 104.009766

310.64844 103.796875

313.63477 103.71875

316.40625 103.91797

319.2461 104.3125

322.13086 104.87305

324.9707 105.48242

327.80664 106.13672

330.68945 106.64258

333.9746 106.728516

337.44336 106.73633

340.51953 106.953125

342.9004 107.71484

345.07422 109.13672

347.46094 111.140625

350.11133 113.49805

352.90625 116.078125

355.75586 118.5332

358.99805 120.37305

362.79492 121.73828

366.90234 123.072266

370.6289 124.51367

373.3789 126.17383

374.99805 128.18164

375.70117 130.65039

375.8711 133.6582

375.7422 137.25195

375.29492 141.26172

374.63477 145.29688

373.82227 149.24219

372.98242 153.0625

372.2832 156.88477

371.84766 160.79297

371.8047 164.51562

372.07227 167.78125

372.6172 170.2832

373.55273 171.83984

375.06836 172.57617

377.23438 172.51562

379.95117 171.51367

382.98633 169.44336

386.0625 166.76758

389.0547 163.85938

392.04688 160.91797

395.03125 157.98047

397.8203 154.8164

400.41992 151.4668

403.04492 148.1543

405.9414 145.26367

408.92578 142.82422

412.01172 140.57617

415.15234 138.27734

418.3789 135.96484

422.04102 134.08008

426.2578 133.01758

430.63086 132.84766

434.7422 133.32617

438.59375 134.08984

442.29297 135.09961

446.3125 136.66602

450.63477 138.92578

455.00977 141.64062

459.35156 144.59961

463.52734 147.66797

467.3711 150.8086

470.85938 154.1211

474.1504 157.63477

477.03125 161.22266

479.48438 164.83008

481.3047 168.59961

482.23438 172.43945

482.39258 176.24023

481.91602 179.65234

480.77148 182.45508

478.7207 184.63867

475.65234 186.54297

471.85938 188.49023

467.9121 190.51758

464.5586 192.6211

462.1836 194.70117

460.68555 197.08203

459.6953 199.91602

458.8125 203.08594

458.1582 206.57617

458.10938 210.07422

458.77734 213.3418

459.7461 216.3418

460.72266 219.25977

461.72656 222.21875

462.95117 225.39844

464.58203 229.04688

466.2168 232.80664

467.16992 236.54492

467.1172 240.42578

466.29883 244.60938

465.0996 249.03906

463.7461 253.49219

462.23242 257.8047

460.3711 261.83594

458.26172 265.4453

456.09375 268.5

453.77148 270.95703

451.01172 272.82422

447.60547 274.35156

443.83398 275.7168

440.23242 277.0664

437.29297 278.59766

435.3203 280.64062

434.32422 283.32812

434.0957 286.69336

434.28125 290.60742

434.5664 294.5703

434.58594 298.22656

434.04492 301.22266

433.0332 303.12695

431.47852 303.89844

429.17383 303.63867

426.20508 302.33008

422.86133 300.33008

419.31836 298.02734

415.74414 295.1914

412.41992 291.94727

409.0371 288.79492

405.24023 286.04102

401.19336 284.01367

397.18555 283.02734

393.46094 282.72656

390.0 282.8789

386.53906 283.66602

382.6797 285.0

378.48828 286.57227

374.26953 287.95898

370.1914 288.77148

366.2754 288.4375

362.33398 286.9707

358.3086 284.79883

354.29688 282.1914

350.39453 279.32227

346.90234 276.20508

344.0625 272.83398

341.93555 269.3828

340.49805 266.16797

339.875 263.20117

340.14062 260.10352

341.2832 256.70117

343.23047 252.97266

345.32617 249.12305

346.97266 245.5332

347.85938 242.16992

347.88477 238.75586

347.2168 235.16406

346.10156 231.33008

344.64258 227.33789

342.88867 223.30664

340.89258 219.47461

338.6953 215.8086

336.17773 212.38477

333.3164 209.38477

329.9121 206.8457

325.91602 204.63867

321.43945 202.77734

316.49805 201.10938

311.3672 199.41016

306.28906 197.67188

301.36328 195.94922

296.68164 194.44922

292.4043 193.49805

288.55273 193.43164

285.1543 194.33594

282.3164 196.33398

280.21875 199.42578

279.0371 203.36719

278.8496 207.8418

279.50977 212.6875

280.7461 217.6875

282.21875 222.74219

283.62305 227.77539

284.75195 232.76172

285.42383 237.68164

285.57617 242.5664

285.33398 247.55078

284.9961 252.52148

284.97266 257.23047

285.51367 261.49805

286.77148 265.20898

288.93164 268.3125

291.97852 270.89062

295.5957 273.24023

299.40234 275.4746

302.80078 277.60938

305.21484 279.6875

306.45117 281.77734

306.51758 284.1211

305.6289 286.97266

304.04492 290.30078

302.25977 293.8203

300.57422 297.34375

299.18164 300.9121

298.00195 304.6504

297.13086 308.63086

296.62305 313.0293

296.3125 317.77734

296.09766 322.6211

295.89844 327.49414

295.76953 332.35156

295.67383 337.2168

295.64062 342.16992

295.4453 347.11914

294.91406 351.63672

293.86523 355.5371

292.1621 358.95898

289.78906 362.03125

286.8086 365.1875

283.72852 368.52734

281.0996 371.6797

279.2832 374.64258

278.25586 377.72266

277.83594 381.0703

277.73828 384.74023

277.54102 388.54297

276.85547 392.08984

275.5293 395.14453

273.31445 397.83203

270.20898 399.9453

266.4297 401.12695

262.51758 401.18945

258.87305 400.11328

255.5332 398.1211

252.5293 395.38477

249.67969 392.16602

246.83984 388.86133

243.92383 386.06836

240.91602 384.33594

237.8125 383.88672

234.70508 384.74414

231.73828 386.7246

228.7207 389.38867

225.53516 392.1914

222.45508 394.5625

219.45898 396.33008

216.26367 397.4453

212.69922 398.1328

208.80469 398.6289

204.74805 399.06055

200.98047 399.8164

197.4668 401.17578

193.94531 403.26367

190.32227 405.76562

186.72852 408.36328

183.08203 410.6328

179.35938 412.10352

175.39258 412.72852

171.02734 412.5703

166.41797 411.85156

161.58203 411.0078

156.92969 410.4961

152.54688 410.5

148.37305 411.15234

144.18164 412.50977

139.89844 414.3496

135.67188 416.2539

131.7168 417.75195

127.9668 418.54688

124.125 418.64453

120.08594 418.16797

115.87305 417.3125

111.509766 416.3047

107.06055 415.07812

102.54883 413.65625

98.0625 412.18164

94.0293 410.66406

90.4668 408.83203

87.24805 406.45508

84.17578 403.5078

81.11914 399.94922

78.25195 395.9336

75.81055 391.66016

73.8457 387.3711

72.44922 383.29883

71.76367 379.50195

72.03906 376.10938

73.40234 372.9375

76.009766 370.01367

79.75 367.5078

84.3125 365.46875

89.31445 363.79297

94.26172 362.2129

98.62891 360.4668

101.87305 358.4629

103.958984 356.33984

105.0 353.83008

105.36914 350.75977

105.31641 347.375

105.16406 343.96484

105.24219 340.76758

105.91016 337.98828

107.63281 335.2539

110.021484 332.2461

112.65625 329.21875

115.25195 326.24805

117.52344 323.1211

119.34375 319.6328

120.92578 315.8496

122.41992 311.96875

123.89453 308.34766

125.91016 305.2754

128.71484 302.88672

132.16016 301.26562

136.32422 300.375

141.19336 300.03516

146.3164 299.9297

151.27539 299.6289

155.83984 298.96875

159.73633 297.71094

162.76172 295.76953

164.8418 293.23438

166.03516 290.11328

166.61328 286.40234

167.03906 282.43945

167.69922 278.8164

168.8086 275.65625

170.56055 272.96094

173.05664 270.5

176.18555 267.90625

179.64844 265.0957

182.85742 262.30078

185.38281 259.29492

187.4336 255.83203

189.40625 252.16016

191.5 248.49023

193.82617 244.88867

196.53516 241.41016

199.49023 238.02148

202.46484 234.61328

205.48438 231.1875

207.9961 227.8789

209.34766 224.55664

209.27344 221.28906

207.78711 218.23828

205.08594 215.4375

201.63477 212.86914

197.94531 210.45703

194.01367 208.32227

189.89844 206.39844

185.69922 204.7168

181.50195 203.31836

177.41211 202.05664

173.40234 200.65234

169.39453 199.06445

165.3418 197.50977

161.13086 196.09766

156.77734 194.7207

152.23242 193.38477

147.7207 192.0293

143.36523 190.9375

139.2539 190.67578

135.57812 191.52734

132.0 193.36133

128.40625 195.78906

124.83984 198.62695

121.2207 201.70898

117.51367 204.88477

113.77344 208.0918

110.115234 211.32617

106.52344 214.55078

103.53125 217.69336

101.19922 221.02344

99.328125 224.64648

97.85156 228.45312

96.21289 232.20898

94.041016 235.70508

91.29883 238.99805

88.15039 242.30469

84.703125 245.7539

81.35156 249.23633

78.18555 252.82227

75.09375 256.33203

72.27734 259.53906

69.98047 262.1172

68.10742 263.71094

66.16992 264.13477

63.621094 263.77148

60.052734 262.84766

55.929688 261.54102

51.898438 260.32812

48.046875 259.5039

44.085938 259.1914

39.91992 259.3711

35.47461 260.07422

30.761719 261.11328

26.347656 262.55664

22.326172 264.30273

18.769531 266.17578

16.105469 268.13672

14.542969 270.26172

14.152344 272.57812

15.091797 274.94727

17.583984 277.15234

21.18164 278.99805

25.367188 280.59766

29.576172 282.0996

32.98828 283.65625

35.23047 285.2461

36.101562 286.79688

35.558594 288.29688

33.685547 289.82227

30.607422 291.4375

26.710938 293.16016

22.636719 295.01758

19.09961 296.94336

16.59961 298.9004

15.402344 301.01172

15.572266 303.3496

17.02539 305.7871

19.732422 308.125

23.484375 310.20312

27.923828 311.95703

32.41797 313.7168

36.41211 315.81055

39.35547 318.1504

41.009766 320.43164

41.410156 322.60547

40.63672 324.84375

38.77539 327.29297

35.871094 329.92578

32.51758 332.61328

29.316406 335.27734

26.882812 337.92773

25.683594 340.6836

25.777344 343.58984

26.980469 346.5664

29.017578 349.53906

31.570312 352.5586

34.289062 355.61133

36.73828 358.66406

38.595703 361.7793

39.658203 365.16992

39.904297 368.89648

39.55664 372.92773

39.123047 376.98633

39.097656 380.8164

39.66211 384.39844

40.72461 387.95117

41.992188 391.65625

43.25586 395.36133

44.166016 399.13672

44.54883 403.00586

44.26758 406.99805

43.320312 411.27734

42.0 415.70898

40.8125 420.08203

40.228516 424.375

40.36133 428.61914

41.60547 432.5

44.046875 435.9297

47.53711 438.89062

51.94922 441.3379

56.71289 443.5

61.464844 445.70508

65.89844 448.06836

69.853516 450.64453

73.21875 453.72852

75.82617 457.2793

77.43359 461.38672

77.91797 466.0371

77.62305 470.97266

76.74414 475.9297

75.63281 480.8789

74.69141 485.66602

74.11914 490.0918

74.09375 494.2246

74.6543 498.21875

75.58594 501.71484

76.740234 504.6914

78.05859 507.1172

